0,492
0,491
0,490
82,4
82,3
82,2
82,1
82,0
0,278
81,4
81,3
81,2
0,9
81,1
81,0
80,35
10,207
10,253
10,157
10,167
10,311
10,33
10,159
10,247
11,7
11,17
11,8
11,27
11,28
9,5
8,11
8,15
8,6
8,18
8,4
78,4
78,3
78,2
78,1
78,0
74,3
74,2
74,1
74,0
20,3
20,2
20,1
19,3
19,2
19,1
12,3
12,2
12,1
11,23
11,22
11,18
11,16
11,15
11,10
11,5
11,4
11,3
11,2
11,1
10,305
10,276
10,270
18,1
10,244
10,236
18,3
10,233
10,161
10,160
10,141
10,128
10,124
10,121
10,98
10,67
10,23
10,13
14,1
10,3
10,2
14,3
10,1
9,7
13,1
9,6
9,4
9,3
13,3
9,2
9,1
8,16
8,13
8,12
8,9
8,8
8,7
